_C_bb8d05d7_0 84 0 100 0 0 0 0 0 0 0 0 0 0 0 0 0 0 0 0 0 
_C_e772931_0 84 0 100 0 0 3e003e00 0 3e003e00 0 3e003e00 0 3e003e00 0 3e003e00 0 3e003e00 0 3e003e00 0 3e003e00 
_C_76eeca74_0 84 0 100 0 0 3e413e40 0 3e433e42 0 3e453e44 0 3e473e46 0 3e493e48 0 3e4b3e4a 0 3e4d3e4c 0 3e4f3e4e 
_C_c4c51021_0 94 0 20 0 0 64 
_C_b69fff14_0 94 0 80 0 0 1 0 0 0 0 0 0 
_C_1918b5f_0 84 0 100 0 0 8000c0 0 208 0 d0000000 0 0 0 1004000 0 208 0 20 0 851f9 
_C_53c9af39_0 8c 0 130 0 0 21212120 0 61727420 0 6e205374 0 6174696f 0 696d756c 0 2e2e2053 0 626c652e 0 64697361 0 73657420 0 5265 
_C_d4d1884d_0 94 0 20 0 0 100 
_C_b7ffe7e8_0 94 0 20 0 0 fff 
_C_225a4062_0 84 0 100 0 0 800040 0 208 0 1000000 0 208 0 d0000000 0 0 0 20 0 851f2 
_C_3ca483a8_0 84 0 100 0 0 800080 0 208 0 1002000 0 208 0 d0000000 0 0 0 2000 0 851f4 
_C_960fa551_0 80 0 1 0 0 
_C_ead8d245_0 94 0 20 0 0 1ff 
_C_d4e068af_0 84 0 16 0 0 0 
_C_2e1af587_0 94 0 20 0 0 28 
_C_1c855cb8_0 94 0 20 0 0 4 
_C_16e2aa76_0 94 0 20 0 0 5 
_C_84ab124_0 94 0 20 0 0 6 
_C_22d47ea_0 94 0 20 0 0 7 
_C_f0d18acf_0 94 0 21 0 0 1 0 0 
_C_351a8780_0 94 0 20 0 0 0 
_C_3f7d714e_0 94 0 20 0 0 1 
_C_21d56a1c_0 94 0 20 0 0 2 
_C_2bb29cd2_0 94 0 20 0 0 3 
_C_4fbaeac8_0 94 0 20 0 0 c 
_C_45dd1c06_0 94 0 20 0 0 d 
_C_5b750754_0 94 0 20 0 0 e 
_C_5112f19a_0 94 0 20 0 0 f 
_C_662531f0_0 94 0 20 0 0 8 
_C_6c42c73e_0 94 0 20 0 0 9 
_C_72eadc6c_0 94 0 20 0 0 a 
_C_788d2aa2_0 94 0 20 0 0 b 
